Threads: 2.3779895305633545
Processes: 0.3988940715789795